0
0
0
0
0
0
0
0
0
0
0
0
0
0
0
0
0
0
0
0
0
0
0
0
0
4
2
2
2
2
2
2
2
2
2
2
2
2
5
0
0
0
0
0
0
3
0
0
0
0
0
0
0
0
0
0
0
0
3
0
0
9
12
12
10
3
0
9
12
12
12
12
12
12
12
12
10
0
3
0
0
15
1
1
13
3
0
8
14
14
14
14
14
14
14
19
13
0
3
9
0
15
1
1
13
3
0
0
0
0
0
0
0
0
0
15
13
0
3
15
0
15
1
1
13
7
2
2
2
2
2
5
0
9
12
1
13
0
3
15
12
16
1
1
17
12
10
0
0
0
0
3
0
15
1
1
13
0
3
15
1
1
1
1
1
1
13
0
0
0
0
3
9
16
1
1
13
0
3
15
1
1
1
1
1
1
13
0
0
0
0
3
15
1
1
1
13
0
3
15
14
14
14
14
19
1
17
12
12
12
10
3
15
1
1
1
13
0
3
15
0
0
0
0
8
14
14
14
14
14
11
3
15
1
1
1
13
0
3
15
0
0
0
0
0
0
0
0
0
0
0
3
8
14
14
14
11
0
3
15
0
0
0
0
0
0
0
0
0
0
0
3
0
0
0
0
0
0
3
15
0
0
0
0
0
0
0
0
0
0
0
3
0
0
0
0
0
0
3
15
0
0
0
0
0
0
0
0
0
0
0
3
0
0
0
0
0
0
3
8
2
2
2
2
2
2
2
2
2
2
2
6
0
0
0
0
0
0
7
2
12
12
12
12
12
12
12
12
12
12
12
12
12
12
12
12
12
12
0
0
1
1
1
1
13
0
0
0
0
15
1
1
1
1
1
1
1
13
0
0
1
1
1
1
13
0
0
0
0
15
1
1
1
1
1
1
1
13
0
0
0
16
19
16
